100
841 774 978 384 58 551 428 84 268 882 794 672 202 685 808 921 616 587 366 776 641 289 393 102 851 187 590 158 777 172 694 824 893 525 25 638 631 348 200 303 799 30 707 282 211 304 907 669 189 23 462 410 445 160 517 682 142 57 739 620 287 37 980 950 840 727 55
975 782 374 675 43 795 278 983 501 991 165 316 770 752 916 208 104 526 785 390 538 482 269 337 831 375 897 893 671 217 718 581 603 81 1000 878 840 34 974 547 592 606 56 858 949 386 37 619 706 881 105 785 368 659 895 257 58 398 216 440 998 813 440 521 809 884 586 771 669 710 464 144 569 134 625 402 397 593 302 545 497 685 2 584 473 83 870 197
192 901 545 369 329 151 423 287 785 725 89 144 515 786 554 100 557 705 524 24 345 924 858 220 830 735 863 369 944 747 397 304 432 279 331 822 817 737 726 243 481 786 498 474 831 744 701 699 104 469 288 292 272
895 777 216 764 887 732 162 981 588 882 922 362 209 118 49 835 876 519 798 886 633 54 208 52 229 971 438 341 566 92 683 377 864 844 541 244 210 683 516 748 591 375 320 322 777 919 907 27 472 288 221 274 647 878 646 292 391 65
956 941 438 319 403 55 233 601 38 212 976 606 126 613 497 478 995 317 763 239 783 183 196 919 494 507 101 977 145 505 429 52 346 481 378 796
185 95 363 24 26 424 748 903 91 18 207 88 671 302 413 38 169 685 229 431 86 385 492 842 870 686 976 161 599 37 569 606 30 202 293 58 938 835 806 200 735 889 753 169 964 459 934 208 306 725 727 789 601 184 88 399 768 219 289 690 120 527 794 529 799 32 820 861 980 831 376 27 275 644 686 811 319 633 724 380 615 298 353 190 71 801 757 848 804 477 967 7 267 922 930 320 326 45 501 52 908
276 589 837 492 891 339 908 383 366 689 737 234 720 547 406 831 724 689 963 727 666 404 302 392 651 194 34 394 859 373 339 713 427 842 788 277
487 694 611 896 811 134 598 247 125 780 418 313 823 106 594 847 177 727 346 914 435 689 331 66 878 704 62 643 863 341
105 550 971 213 684 632 646 874 514 935 404 425 228 293 860 886 684 20 445 866 699 52 799 218 127 689 229 157 680 505 664 966 869 202 913 786 583 154 242 467 353 320 857 251 170 192 146 77 338 237 176 76 941 614 288 775 206 658 19 548 115 360 445 529 673 544 598 787 204 685 653 293 525 44 356 890 481 941 252 861 513 408 302 453 43 844 730 967 901 968 912 155 441
484 633 919 548 14 777 337 300 824 667 285 642 698 235 957 7 237 562 852 571 255 623 25 997 342 560 314 317 362 238 617 923 171 38 69 682 139 828 344 511
805 979 947 283 339 178 256 916 71 354 459 446 320 215 678 526 362 680 915 138 718 857 266 538 525 724 635 864 114 151 569 926 873 65 180 638 584 773 857 244 752 329 879 120 831 297 760 568 286 492 34 483 178 561 985 232 265 258 435 4 203 869
491 299 328 90 756 958 890 175 83 257 804 273 306 430 865 848 670 598 44 980 484 837 189 250 82 828 955 428 291 189 784 911 533 592 492 566 819 428 887 684 778 146 638 630 971 275 760 126 628 274 726 412 627 772 702 263 944 908 267 745 877 891 722 441 44 740 98 890 454 806 657
932 80 896 212 730 373 450 850 672 937 975 673 615 73 899 638 469 430 990 900
330 620 690 39 805 882 76 294 281 966 116 779 578 198 651 900 775 955 254 188 794 918 543 303 968 719 946 394 811 604 485 989 692 715 561 241 862 996 214 768 719 54 618 117 415 164 10 241 379 988 89 127 99 260 965 93 175 657 681 207 913 741 525 793 843 524 442 433 305 108 249 823 393 838 747 843 479 717 75 769 461 938 152 346 112 66 935
30 691 728 331 35 921 220 20 116 848 914 486 101 875 531 177 113 834 728 311 489 930 418 179 227 721 94 822 535 579 381 431 37 630 704 102 178 599 984 438 10 416 27 69 287 470 995 793 479 842 32 216 852 412 606 452 220 23 305 425 505 646 909 700 779 545 42 27 713 467 172 827 695 307 872 489 457 188
412 914 7 732 118 292 90 618 394 520 879 826 537 4 985 180 492 516 845 936 441 718 942 485 233 720 713 539 671 849 439
482 768 537 224 391 143 631 719 417 4 485 548 941 34 775 568 854 986 132 69 803 997 519 324 717 356 166 916 607 854 968 76 614 629 180 325 144 517 828 775 57 370 376 95 592 221 639 105 1000
894 638 274 575 699 171 282 439 940 741 909 589 902 797 756 837 145 653 461 824 366 893 16 737 574 177 483 15
746 999 628 353 641 202 830 229 643 560 755 210 207 808 525 685 188 255 244 231 668 108 835 32 249 618 287 728 702 353 859 498 820 225 462 885 116 685 774 520 780 856 286 1 803 254 939 121 758 161 708 184 141 567 664 249 248 620 81 162 866 946 238 971 368 737 814 488 499 916 744 580 472 554 920 524 105 182 708 453 573 932 964 115 234 903 880 863 219 732 67 899 876 925 421
481 948 9 400 719 707 801 620 749 765 653 871 179 602 191 623 568 842 232 477 749 529 958 966 137 713 612 590 151 402 291 475 164 137 638 348 4 82 36 692 876 491 415 150 498 255 385 366 592 900 902 314 56 170 428 452 705 472 7 13 272 172 761 223 42 350 926 518 109 305 598 405 623 888 444 753 758 393 659 580 766 137 49 168 321 676 427 301 816 486 575 609 536 67 129 411 144 600
52 601 308 781 242 161 533 346 817 800 841 300 644 878 111 924 97 777 103 679 59 939 343 796 254 601 760 338 315 571 144 671 272 583 660 587 50 232 546 730 289 221 257 544 665 124 165 750 401 420 835 259 394 578 741 759 126 427 730 617 858 497 93 424 761 897 760 246 438 136 206 824 789 334 914 642 847 371 599 519 585 558 68 94
113 846 290 188 843 485 78 979 372 915 2 129 648 146 368 216 448 721 842 15 38 50 746 989 437 257 214 376 543 139 393 185
19 248 290 712 391 701 819 299 671 437 855 800 590 803 42 433 529 967 93 108 575 659 116 380 502 891 48 260 551 415 803 90 777 41 275 29 795 886 989
306 635 225 690 871 603
397 581 37 300 871 27 467 732 662 318 851 536 37 191 614 931 137 508 430 839 842 137 547 307 267 404 24 640 800 505 449 434 956 692 36 508 772 612 681 364 988 4 7 158 467 206 596 172 869 241 400 370 861 161 815 183 829 69 353 936 948 763 664 111 970 616 597 545 203 796 856 22
385 529 313 844 580 350 762 898 158 738 672 876 233 564 574 23 823 881 812 167 425 791 18 465 696 931 262 314 978 911 974 767 244 563 410 187 431 463 616 830
146 726 68 264 472 273 562 209 546 953 176 433 520 933 20 525 841 743 838 8 125 348 586 568 604 977 583 402 456 818 603 694 925 244 552 253 137 330 662 150 523 741 590 649 4 811 465 355 700 98 459 792 379 695 399 406 662 95 528
595 923 831 383 647 20 317 307 455 946 421 203 630 998 19 219 260 51 682 884 400 383 148 257 834 828 22 213 832 318
120 757 39 423 906 274 824 335 273 385 710 922 882 550 578 251 180 920 527 25 780 549 425 452 925 884 39 771 533 902 471 382 387 929 760 955 909 803 867 16 38 848 779 523 291 879 467 977 342 199 6 481 780 338 458 373 690 683 470 452
529 391 325 375 751 317 25 873 59 438 307 683 767 241 347 88 742 969 968 924 128 351 163 829 107 443 879 985 372 964 172 665 251 820 722 383 884 897 115 473 146
496 172 552 865 351 124 592 88 605 381 807 66 114 725 309 153 272 99 582 745 832 205 93 591 755 105 30 67 858 979 8 157 50 502 590 204 415 614 825 984 844 689 940 993 349 846 475 865 9 301 360
89 307 478 913 467 227 395 856 97 164 684 580 488 14 808 822 504 147 767 669 860 92 64 421 693 8 152 940 374 683 902 498 699 847 20 444 947 969 127 21 260 74 455 378 813 840 354 608 951 945 44 293 476 476 449 663 82 252 42 973 113 233 270 552 511 316 840 989 694 679 190 954 315 840 521 538 759 408 760 599
529 234 881 440 989 520 302 114 29 246 163 932 401 630 735 588 935 252 936 359 135 511 281 475 597 94 72 190 541 364 397 839 281 761 22 567 94 239 727 195 253 406 911 521 165 620 806 925 205 77 627 663 879 770 274 602 312 481 674 587 373 937 941
186 615 485 404 926 783 79 918 868 337 531 490 492 648 787 949 806 309 200 509 502 871 642 654 679 507 755 37 240 427 469 210 75 647 420 630 226 533 918 425 141 221 767 310 798 174 370 397 662 967 393 645 288 307 333 108
761 988 412 491 716 551 485 187 655
854 514 420 431 626 571 334 380 483 679 462 288 271 357 454 415 664 23 231 219 518 788 419 333
639 164 452 134 659
843 456 592 564 460 285 132 773 341 618 548 950 518 982 144 945 955 406 874 92 985 440 120 996 493 757 95 533 271 34 514 228 619 796 338 850 80 405 440 5 897 959 69 28 818 844 994 534 293 880 68 968 513 540 903 722 364 855 779 636 383 178 636 290 216 649 523 137 373 41 562 77 804 139 245
15 126 426 663 702 423 521 300 43 377 546 589 76 505 192 493 260 517 529 661 375 149
514 683 673 925 426 230 297 575 844 515 344 843 958
543 62 564 621 689 528 345 498 204 571 888 560 583 789 594 907 400 753
135 850 649 926 376 921 484 669 713 962 355 864 955 79 463 507 256 446 580 485 105 922 446 103 651 465 841 872 392 523 272 662 217 676 511 899 321 366 732 290 173 862 320 604 904 392 308 347 379 882 934 43 489
150 589 551 500 742 527 983 694 936 249 65 259 422 633 502 823 268 68 787 438 480 694 210 783 209 283 782 446 797 930 239 5 578 611 350 966 830 77 563 575 297 70 882 267 144 632 83 873 189 772 305 515 177 6 410 813 460 741 261 128 132 21 851 394 393 67 947
959 963 372 1 741 157 669 383 228 605 430 265 274 297 488 243 700 885 191 295 205 442 381 549 679 589 583 72 496 664 48 415 644 863 793 501 192 545 994 94 335 672 17 686 965 79 49 95 608 647 111 78 167 645 294 723 123 876 466 460 874 539 585 253 970 171 966 605 938 160 847 40 132 593 422 677 239 349 36
900 767 684 771 27 914 206 225 620 787 548
421 972 325 922 178 499 233 618 170 964 856 789 160 364 186 664 525 138 226 576 884 476 147 871 690 913 454 755 683 970 616 667 839 230 744 31 972 808 527 523 469 183 903 983 504 714 174 806 198 421 460 169 51 77 271 552 925 20 128 908
759 949 527 830 784 702 408 972 715 186 228 251 264 827 597 598 164 137 828
331 560 888 352 884 174 584 920 309 496 783 111 621 105 528 460 523 366 959 921 602 947 446 71 530 228 331 884 898 263 511 99 457 788 769 734 541 845 296 297 219 384
926 893 459 288 808 843 996 652 769 384 164 661 683 942 735 420 789 423 577 104 436 421 755 501 390 423 567 736 998 432 138 917 833 346 118 721 924 232 977 196 664 745 589 894 667 479 133 122 484 623 224 7 115 12 717 435 75 428 828 451 364 156 549 262 529 39 759 120 587 858 350 425 680 83 474 61 12 791 913 351
94 756 174 243 953 368 135 9 328 164 20 370 497 231 177 136 584 611 701 378 427 887 207 251 307 553 591 353 313 761 742 114 155 384 691 233 258 943 874 69 817 237 283 722 52 656 773 481 875 956 837 402 305 913 847 435 981 438 103 248 84 724 573 98 705 614 371 277 147 700 996 104 737 95 58 513 228 319 28 17 369
297 295 139 837 61 325 440 471 633 105 330 326 463 10 93 672 856 919 582 672 380 79 457 670 215 833 25 950 567 197 906
220 165 253 18 521 412 234 444 973 54 192 94 162 114 375 690 593 779 144 113 434 880 610 338 584 42 125 356 536 177 190 585 407 523 288 887 459 939 716 851 754 809 735 428 23
303 153 676 445 292 63 189 363 726 70 332 328 851 922 335 86 958 62 838 999 703 672 992 342 221 52 454 657 727 988 647 441 394 217 163 155 788 808 292 999 448 12 350 922 747 587 887 18 771 888 168 677 919 429 860 870 232 619 312 350 991 32 920 371 9 123 747 111 597 646 324 928 255 648 626 271 340
623 603 882 3 659 718 49 771 86 920 564 644 970 497 765 116 428 305 306 199 222 482 465 213 162 865 479 319
794 280 291 677 831 133 8 802 962 462 217 139 421 536 937 84 455 956 741 531 34 715 438 139 291 808 159 956 111 691 773 906 562 494 684 696 955 701 334 386 636 79 134 60 718 667 731 259 609 137 224 341 872 207 1000 583 139 540 895 459
979 584 937 654 550 192 501 95 295 61 831 304 311 239 490 64 807 980 446 433 384 685 62 236 669 990 724 276 812 457 629 947 876 441 486 797 497 182 597 799 770
783 783 294 45 728 165 721 205 627 840 124 575 346 345 804 790 58 426 129 367 914 915 981 903 991 274 389 833 981 310 864 48 895 384 229 711 439 807 330 291 346 111 559 81 210 556 856 337 95 993 985 638 584 527 148 57 67 660 350 146 676 115 983 979 690 249 600 952 469 643 503 830 420 161 886 975 251
659 176 448 706 567 737 547 282 453 593 217 227 433 472 687 840 920 989 762 16 977 673 240 99 917 79 348 980 268 647 434 309 197 633 426 49 818 695 988 730 102 548 457 946 812 976 666 95 757 5 80 416 253 276 919 420 651 160 391 538 420 885 504 786 130 385 721 210 734 696 957 614 887 670 732 407 813 276 17 43 503
534 798 620 417 866 815 261 166 819 585 643 596 881 467 798 222 929 144 303 322 973 896 866 335 289 521 36 599 175 19 439 60 280 536 287 551
538 880 6 743 113 899 178 19 892 822 239 476 832 815 872 681 729 843 687 689 276 473 713 686 802 615 207 489 176 647 486 866
817 286 618 917 527 830 283 161 707 775 305
450 130 573 68 629 860 769 216 190 144 469 638 547 797 285 588 851 72 657 546 784 821 188 241 62 842 886 809 976 32 692 531 577 559 266 460 344 309 263 547 637 923 942 304 793 373 653 544 698 283 166 233 915 768 563 310 250 310 918 655 482 180 206 561 737 46 310 477 180 375 600 368 39 214 903 135 633
645 331 532 781 377 379 719 288 897 392 430 869 738 566 444
181 518 714 351 352 677 994 910 275 596 229 283 256 511 35 787 889 244 996 330 7 1 16 687 407 384 794 820 623 769 604 741 390 50 276 148 921 469 932 759 793 302 144 247 642 736 576 653 431 995 148 331 281 227 711 645 951 88 485 98 286 134 190 747 185 401 620 78 245 278 257 823 955 568 298 596 57 238 776 508
662 201 350 54 378 950 444 657 9 608 160 78
591 683 416 438 963 990 194 95 433 373 180 312 970 957 617 763 763 688 907 573 60 42 631 338 347 410 695 281 366 863 595 874 231 692 98 464 41 441 930 759 889 48 439 698
453 912 979 346 184 900 731 740 914 968 658 504 958 967 310 707 933 69 649 35 965 774 28 610 663 911 533 831 195 829 240 911 842 554 541 185 920
782 509 692 378 354 55 25 763 526 66 219 374 872 156 100 325 53 728 750 322 95 596 370 824 448 284 777 100 772 404 621 522 540 570 779 356 988 178 352 878 482 371 469 828 977 287 976 332 418 191 736 448 598 941 197 580 459 635 433 863 752 345 767 588 566 948 879 255 677 170 962 205 328 578 408 420 286 47 932 345 510 606 481 153 646 941 220
264 485 114 357 487 343 749 269 503 441 316 445 934 144 959 837 767 881 106 274 680 244 401 793 777 134 494 273 928 330 311 43 50 436 410 369 292 946 810 96 367 62 35 371 386 380 464 477 778 453 335 683 564 574 378 700 178 128 606 77 76 620 64 437 830 571 771 266 32 231
43 45 394 649 509 918 191 673 431 118 245 269 713 669 745 980 367 677 678 199 503 621 204 111 866 703 515 369 895 347 668 300 438 461 324 851 864 954 542 462 680 112 132 507 102 515 850 370 544 43 63 990 845 203 904 135 120 69 123 76 917 440 677 357 107 699
282 524 691 586 164 601 321 934 912 736 993 420 577 316 985 712 928 880 845 571 191 530 758 870 730 564 614 155 717 407 303 584 24 275 635 793 512 992 686 434 279 802 32 494 979 517 751 206 132 213 770 593 463 823 504 396 808 610 662 359 948 844 735 332 524 635 917 124 485 88 294 448 917 809 675 793 944 556 130 172 824 739 811 894 307 49 415 959 358 439 12 374
462 540 175 21 502 55 671 280 590 834 826 227 224 449 535 172 698 725 181 717 609 519 896 966 461 675 120 21 510 787 610 364 268 916 344 47 804 730 636 344 214 979 907 673 75 858 660
569 189 456 825 111 568 792 789 425 596 49 328 398 200 53 130 93 884 968 363 107 955 902 644 588 728 649 688 514 349 189 384 983 639 907 469 356 741 686 257 404 807 573 311 800 508 93 513 455 179 651 991 785
211 432 284 718 806 546 572 504 397 969 351 488 844 399 611 564 685 385 211 409 265 82 331
348 354 536 924 691 717 538 461 25 7 14
610 257 150 693 279 576 485 744 772 55 311 781 730 882 28 691 188 665 545 886 485 572 496 506 286 555 702 110 407 527 413 691 887 953 394 568 975 588 417 116 504 737 476 926 965 712 867 796 59 725 797 655 532 895 948 415 403 256 335 576 651 377 56 73 672 566 902 196 670 993 382 519 768 430 82 783 57 842 115 203 935 937 19 348 413 563 747 943 327 434 427 747 960 178 232
322 753 219 480 255
562 243 196 740 948 144 891 811 704 524 702 735 414 784
731 686 296 15 888 569 102 105 298 217 416 215 586 161 392 630 431 85 140 752 527 706 251 813
364 127 914 270 882 815 367 280 9 440 609 74
745 654 321 69 587 41 440 457 807 893 397 640 86 723 90 497 927 519 410 586 734 214 466 942 647 525 535 322 160 55 665 184 373 467 860 854 77 552 327 143 42 686 749 307 398 691 593 85 672 494 559 385 398 99 862 264 133 227 193
844 619 612 503 961 529 488 501 346 508 960 868 715 97 279 332 104 638 829 89 919 729 647 758 625 12 988 571 461 885 558 237 122 972 371 732 462 870 240 104
330 675 230 639 459 837 709 527 868 529 983 411 835 868 193 820 453 385 3 870 253 159 841 976
321 520 649 438 58 149 150 256 815 164 514 506 938 795 825 719 567 976 855 13 454 493 789 502 301 127 868 568 538 365 733 319 306 693 922 720 785 242 525 646 734 154 179 546 770 692 788 843 109 287 857 493 349 261 690 973 973 646 332 818 454 609 540 984 724 941 707 727 343 470 909
654 322 405 892 428 230 589 572 83 141 679 896 789 492 735 719 467 651 908 964 774 648 695
929 84 165 351 415 576 582 196 965 932 657
810 987 919 951 512 83 79 695 188 427 164 48 783 458 339 403
105 296 450 289 992 991 992 216 396 939 172 449 325 135 319 733 563 275 430 69 674 875 559 368 514 807 969 566
779 213 496 134 383
561 17 233 818 113 836 840 182 235 444 883 813 320 690 850 969 390 684 183 10 858 840 10 913 505 797 430 934 424 117 940 489 454 831 10 645 675 362 911 817 72 131 677 912 186 487 964 592 452 20 487 847 16 809 430 994 969 959 399 151 552 911 345 890 170 898 262 549 802 696 508 281 568 288 313 649 981 182 89 133 442 394 486 380 908 461 986 50 878 847
476 419 265 475 981 991 935 404 138 920 233 900 219 925 18 26 77 436 735 56 344 784 805 3 167 504 690 668 225 976 188 520 620 30 182 984 649 260 281 878 690 573 815 21 464 301 123 267 953 881 156 902 167 80 759 480 148 781 540 488 337 458 785 174 166 106 499 483 156 995 676 811 558 775 782 16 5 910 213 76 834 137 738 434 711 621 107 234 855 217
817 604 854 16 370 791 838 116 114 71 478 500 503 14 363 268 971 474 3 568 446 916 971 724 645 613 282 554 361 567 961 977 966 617 549 962 974 805 355 46 682 908 854 396 484 73 416 663 588 618 995 291 69 18 179 352 787 700 250 471 844 931 119 113 192 940 644 287 110 477 890 540 140 599 531 247 914 894 564 189 140 809 597 67 659 37 86 33 726 348 424 570 730 658
873 555 133 459 148 204 783 931 609 37 796 134 823 232 81 852 997 949 956 57 513 152 700 277 223 218 500 590 546 811 51 325 298 610 515 310 642 235 523 632 452 631 588 141 836 938 500 972 678 917 954 18 244 451 528 279 920 209 598 244 875 127 592 362 687 771 494 557 687 268 636 968 609 436 637 506 85 871 161 847 421 624 536 153 169 627 770
931 443 99 334 604 38 264 808 980 477 119 398 99 22 484 265 279 493 306
770 608 923 92 527 934 88 667 240 697 508 214 919 123 308 878 86 95 496 168 901 791 660 783 131 842 322 686 502 160 765 816 693 972 121 958 290 629 310 804 453 600
721 155 942 478 448 214 910 484 792 963 669 363 108 877 120 66 618 538 552 98 26 164 978 403 212 242 859 289 722 605 818 83 727 822 10 796 940 725 130 802 733 892 82 180 396 394 44
192 875 517 612 458 879 491 669 944 600 266 974 448 859 900 988 106 91 25 473 378 403 220 400 387 319 29 432 482 705 68 661 540 639 712 73 189 585 220 90 22 928 771 206 770 242 72 713 541 290 100 95 210 701 292 917 383 87 662 449 983 500 577 50 124 586 527 145 350 923 16 303 301 817 547 337 935 154 755 535 582 155 340 922 617 185 512 291 125
307 318 711 964 164 363 721 548 596 390 330 598 382 963
927 916 494 961 255 639 579 100 614 57 730 450 687 864 859 537 825 950 234 932 233 820 655 134 106 819 402 93 966 691 521 723 607 4 200 513 334 210 164 340 191 574 492 705 839 798 36 740 12 399 79 604 911 657 424 635 648 153
781 75 988 295 226 297 447 338 359 1 252 676 11 157 652 320 930 111 275 90 779 988 215 963 184 166 722 215 854 884 459 549 156 112 900 810 737 93 388 322 990 338 44 661 130 408 934 602 844 332 9 763 987 409 361 756 354 485 92 801 271 790 687 619 418 273 127 390 3 383 772 514 108 485 320 540 182 350 461 193 831 455 43 926 776 502 457 735 349 512 115
