100
11123344556778880
1000000000000000000
123566662258
12346711
241
834456777889
989999999999
412234555566667898
71123448
98999999
132
62222244455667898
7
111111100631070259
1302037
36
185751736650775881
329999999999999999
1134378
12221495
222233444444468899
34625688
812233466777
112222222042
15568489
7135689
222205476964549967
2
178362747868502976
999999999999999999
795631822361834138
865696328858049661
26064675265881763
61246678
916601717808786848
345667782794662557
2134557
776256529396984368
241832948393
42356679
428709828865315944
867
88
631099418997436814
447688154197128446
855566666677778999
111112222220
944339113816237944
233455378575
112444555525667999
161605585279014653
854527192991061539
1111110
87999999999999999
81222345
828
11466677778858785
519
5499999
11122233445779889
671171990921337959
481918742106343017
760112551903370617
297521351935204403
12244455666777747
721209325839956312
1000
547921010097768645
717635691465720578
274090429416125344
111112333300
622455567899
1332344
904136040203612107
81123333455668899
219
111111111111111110
76
4134698
1222211
42
401507513283670877
9445557
548453130153505783
411222333344566900
626881306841966435
916044956929091977
1
93334445566788899
111233344566677775
626
75
12022999
21233445555666779
611223467789
22222233322379449
230224456666888899
11112776
489417169390173010
122333344445555505
