100
4 742
122 483
21 302
335 824
39 765
121 742
1 742
9 584
483 485
483 742
1 1000
1 4
7 221
1 484
31 428
8 221
10 120
21 742
303 584
142 814
120 742
820 977
1 221
3 4
8 65
21 122
1 109
21 121
7 65
4 109
389 433
1 104
1 485
241 825
3 104
21 584
1 101
7 584
122 1000
1 65
484 485
4 9
120 221
872 879
219 993
3 742
3 5
3 221
440 890
303 485
404 530
495 580
100 1000
114 303
402 418
9 65
120 584
7 122
484 584
5 69
65 122
120 484
3 109
757 777
3 9
1 6
1 1
696 965
480 618
1 121
14 404
3 6
3 65
256 437
121 302
9 109
9 10
3 10
1 10
85 413
384 584
156 471
1 2
7 484
537 550
10 767
65 221
560 624
1 302
3 584
1 5
4 122
3 302
1 122
478 949
377 499
4 104
8 10
121 484
7 109
