100
92267798 374311 22845011 45284915 19665790 87456714 43961046 77701009 59165414 21591375 71957398 10315744 11867148 43450781 69065706 34013991 17500487 38259067 53371696 95561833 4853066 76112791 34096293 46480507 75719829 21455778 31742183 7380725 31924606 11974296 21063172 69863751
91549271 56259785 28368036 92784270 64339467 49232528 58988316 84103072 53176848 85623539 80927203 87981148 87660653 86492090 68008366 94107333 22715811 30961403 65520155 49370884 70454811 72850093 88670078 98329086 23308478 76567498 54275257 89336206 41384612 30167328 22789988 27479221 32408653 90279801 60525194 27346133 39555321 20884526 26511526 52249786 55312840 8688640 19211137 32408278 11533078 67954410 17250283 30217919 20598461 77441368 41935024 50982327 59249112 65712579
80650172 83617022 36534260 12396685 55328688 90538176 8542405 7275552 76482408 17746954 52109716 27595076 61987691 69237817 42931484 69317427 69890257 84564129 21008489 29666307 88888010 99427778 96684728 23392995 6050648 28224521 53660795 21066228 36672541 26080063 20563832 25486785 14150734 95829138 73177617 70673501 72730311 39486270 23185822 14163736 2549817 65043702 24760797 70682494 21460279 60729613 68433451 97707021 27653887 61892535 55749550 87117705 68159435 75754379 53939066 77162356 416503 60848867 34871011 53523457 88613895 20611327 72399611 82630918 14582455 1742665 37592233 71769872 5395615 10490803 35114594 73703569 19875203 28594236 79142023 9216052 78582837 88969106 28236891 23095121 38390823 13489618 43289503 76587388 98864529 6439275 87789772 55156280 77753659 43497504 47223789 86351305 48092904 9454380 5291798 41449255 38316127 1383039 74805892
30149764 36861940 43016027 76055137 14571765 66601888 75830095 63198251 53464417 67432418 1452333 22754816 38147749 65304938 45753800 31497048 70464087 88222656 18340665 865377 85497182 51850979 1520402 51495074 75504788 15896754 97941233 9181138 72359640 19923902 56514513 10151273 62767583 16115427 10156324 54295988 97136093 28390309 50775177 68993032 29825229 58052790 23927850 75708435 12821853 97215380 23062453 97337166 29026425 29812815 2449909 83634574 4689011 37163624 6752524 18376890 22354124 63317717 91066959 67137943 40983458 41908002 74528702 55307711 60396213 7769777 93056542 20420887 95350818 61617589 72080385 49414256 95123917 94194338 59525296 92568299 20842348 94377174 45625750 12694721 48982486 54773939 10766588 80607328 69947110 84086079 58426182 72454455 24573562 19144965 85329357 17160481 11096727 53536904 34985931 17463659 65466282 43362405 7788420 12751594 48690948 86051857 66990656 7540185
28995389 46929007 37336456 96666418 6010848 6438769 79672645 74223895 74026459 32759641 91896142 10251167 53783481 44789858 85847516 43269275 99656199 67157542 82718530 51424589 56444864 68197725 90480129 99033510 94043768 78881121 21662229 86614519 92680371 93907577 30525969 34428936 60019096 39236658 99750360 61862472 20860469 25013481 12803829 21562910 19378281 82941542 26420318 58669170 54779811 19975726 69525975 90984468 49532074 54406555 35573001 7054434 64584604 29386519 86253300 6316332 69592781 51479202 40920331 23105541 75873293 85157669 55715143 81425391 87509506 66021927 67437145 72673701 57758641 63054376 86748407 10706309 42121243 76238750 77197656 14418713 62138372 363145 56514746 86302785 13695695 15328949 57569568 46896894 8121477 5461388 43425306 88001501 38645492
92739177 81805545 24451077 26160530 15919058 49486508 50095093 6420527 90839245 40223640 33330299 92871203 59859269 38990717 51513066 34786705 71916152 76247901 63459316 54234786 64289204 6189219 74797042 37286158 32280242 3585140 23735248 71757755 56019084 62930206 17512344 92333692 2683995 43168174 19400857 28316922 97140849 70486430 44886835 93026608 16166570 63638032 25518469 5544131 41436965 7025347 94124037 97782813 59442026 29912590 45376930 43017827 54611224 99295056 33181449 36376331 37352600 46348188 17263299 78585408 78963891 13417479 36043530 16269949 86334834 16746625 97504476 72796317 53537355 39181729 11149445 94091319 96089382 56879066 83743639 61494071 97928376 52938901 13226999 31582602 49420764 41599209 35696145 84261474 46601757 35186170 93186604 32199718 9247312 97470187 14544087 51718138 61971550 94360193 18113155 28541414 88113696 13999957 39851307 31315109 62684259 32153781 15566893 92434445 530443 4186905 51009085 74774550
47993936 4933199 34998671 88957142 29963682 50065816 26433799 15845792 79145870 98244584 47908433 66166961 49492128 87132263 9120175 96702232 82620435 5332562 49445861 95602957 17916254 55012068 71811039 62801274 60230267 43405472 52507445 85871439 43228995 68622910 99226832 25899906 94001108 76335663
15347774 68106557 13109874 10930457 44405223 27031711 65423495 79287007 14315738 32880432 96521375 34124875 39192598
45700929 76223474 29160680 29809247 37682960 32275719 44381957 16993356 10555708 44605895 47948327 89827967 13796943 16554073 41660085 89611275 19722085 2457105 38230395 98247096 28712246 3226177 5932263 75137735 57789406 6749705 45091999 86272291 18516726 53941476 85460483 70978518 73168990 39981425 86561777 31169136 84673073 41352947 83582864 41722543 19084834 29120782 1024890 14028746 82566402 38289438 4382229 16228442 82786654 99313972 87989247
98776309 94185911 35604890 36222260 11639277 51815045 24964805 58848250 98911735 46498127 11049746 9891994 6118704 65520738 34924244 87273025 87740065 87332197 68477250 39938147 2480952 96521788 80166379 49417051 93390482 17911983
81462524 7263531 29601080 86377531 89378445 11632465 91381309 21115222 29731458 97940219 27870908 76594693 1091498 81971153 41673515 56032701 34015755 71475788 40906795 75242259 30810650 65694163 92593145 25158706 76236023 56310175
44430969 4925317 70960090 92307543 47617345 23241191 31853139 74632675 41769547 50584024 72026707 34528018 42355775 41614361 33713245 77828741 66144593 32180072 94615270 3449485 93842070 62056496 13043798 75774136 63578891 97022774 66169026 23978726 10809251 74751067 19460740 70517149 11225348 71294229 49907782 82205394 16728454 96721995 37731537 26378328 15532634 86309843 58772483 68008418 46721736 28106373 94436575 43876790 50746512 85953276 4860095 50846449 91014002 30391273 85479588 26310001 90105546 71368723 19383214 77207906
98943714 47286710 45330946 18633091 43140812 46685883 39119769 94000305 63565575 92716826 96262892 88342807 80746707 63922401 91268593 24359228 75525385 59878106 27846774 62453773 74425605 24806445 38086942 60702549 83714862 17636131 61947385 46798412 66404131 38033925 50593983 39971654 57159811 34833443 17776297 38998668 94448729 56376304 48738029 49871432 25571875 89059658 88090068 19317657 49801853 34341848 34768505 58654151 32826479 21756045 11032096 73460624 62699855 87546697 27419184 1021601 71898964 16087966 8067022 50047776 53241529 89019311 93620504 2816358 39277450 35371829 74476027 92167370 16614415 66597019 84128178 32475289 83299538 19929929 24562140 63664929 29783373 23551 21385016 29123564 88347445 26846807 35528447 97611018 55069277
51643874 69663681 11567114 31319650 20827359 35146497 30952110 15419135 46072337 14894635 90119038 31001341 1460878 87897396 76328639 97906779 76609572 7354289 32372460 50848893 81448431 88597341 86424934 20399053 15852831 65766549 85903925 13915688 11738637 55793336 89949875 22504519 48490202 78635222 1732994 75611626 8898845 12101322 79431262 60464025 56452952 17450333 79645002 62392022 74847109 55718246 86029312 4414506 76186455 90361055 25695483 40944587 72681624 79917220 39177647 66522342 85568433 81572810 94015193 98209423 92767048 15048345 24481776 71726147 14875907 10473512 74085307 20691222
27834993 59838939 97661673 36986238 75955068 50420352 88618361 79195678 868028 6311594 48912422 41887779 26003871 81029675 21424180 28930443 87769714 32836778 65001909 40845656 24758755 13833871 81429899 3211988 97312528 95813655 38294043 75803893 86992971 53547911 18242704 75172059 35090541 42257276 85296329 87205749 59091667 80309345 93637089 40604484 1670650 95144443 9999192 81864504 40720563
9533911 73120102 2149068 22526310 65320545 8246198 42183873 7718756 38634432 54127474 61882948
6723237 25065096 57096398 37632177 69010019 69837086 87161728 96861990 16820733 51694080 4018049 17449559 41210850 58268062 80613967 76682793 58873344 52285109 51114553 59704985 66000806 33461388 424715 31660676 21999755 17544138 47649505 27736594 18270440 14289650 86163740 63632832 7363776 87353469 84758643 42294794 82139456 6824851 10045985 44027825 86452288 53204069 25813308 93937070 95001577 31569705 9969190 84731059 26256242 67298483 29472540 93170010 17744387 23911341 18687212 91423725 24262074 24351091 39625155 57040849 72791181 91373860 83239823 48037825 96151242 99753205 82565248 83324900 683253 84029876 89704981 28306099 49191991 6909127 58503360 63771793 36238857 73063664 70897539 81192828 37820371 18569951 58478355 68021496 60273446 32588769 96663464 57800714 11854483 62150839 49681764 11856992 4995110 38600065 91993693 61234574
64028238 54247220 80568968 76459360 17647359 63172931 94969382 17454621 18642802 93577503 80449023 92837502
77921326 89859177 61121296 65190365 65297043 81219042 58539467 6548247 76815102 52948637 5677235 19630506 56293419 4352640 68414198 84016304 60754297 11554076 11208344 80895610 76523514 98023553 10932389 41666707 35357811 33621951 66125442 97567340 33884514 79750685 9323875 48129257 59098892 37496407 19180638 17473906 23901474 69093894 97806635 40748839 73093903 82666782 81543547 99828784 43851745 1617041 9209585 45595186 24364753 33433360 93491905 10198237 19468401 1360113 96209124 60357538 50552177 38837548 10084341 33426818 94741517 69689471 68788651 33272578 32375063 94396594 24717044 29990459 57368732 54483701 87413418 3300877 65916982 319589 58457332 32905075 23037934 3517613 48530748 2729458 27413963 65828041 12909512 13048876 84509947 92242662
92467891 57000670 76460109 69064792 65150216 55976104 24921544 45931929 28092884 79634525 83154186 446850 9836505 85003293 59251228 9822373 64528327 41986541 26606067 3773757 5225831 61221316 71910728 78298824 16148817 61195720 49780345 53987817 18512206 78403336 35650978 31290106 83452626 36660428 82057517 36881495 25759538 94297990 76670744 93125621 6350996 25518988 5292432 54742009 95147025 41322995
64120412 7011315 43771058 40459399 86723111 37670758 90198416 61430300 840969 15041230 18262233 81228011 48283599 5625608 78241762 25611350 92567920 87778118 48266276 27309338 95397417 89130784 90145000 34387116 7199801 68528322 57767567 20949439 9943350 93863492 93687163 49691106 56311563 95529239 92724382 87516743 38378639 88178842 8203677 53581983 84522946 59701708 4285856 83914528 89766054 70068765 37901753 22997416 59808952 27732573 48010222 27765755 33538826 69242070 90682853 18147369 10216309 60961835 9017611 56929441 52695330 91215648 27075307 59914657 58708786 57907843 64212035 37561580 50709234 72459158 56191390 60180455 47873892 99772909 45837467 34455368 48133638 3524825 49633809 90487441 76853197 21749611 45997132 81802026 36221745 12576295 35942004 43451673 6024802 73106247 71437582 89357664 39969176 79141800 6569884 70952435
93854429 21870984 37571913 23350170 38702990 63906813 76784208 50711131 48591890 78348098 19198572 50699856 99555724 32063297 67596194 54240609 73804989 49617126 99945480 62847739 909079 46342707 49447288 26485112 71769217 70860912 23254736 58251421 93159846 23614335 61636834 17673276 92885498 93738830 16320767 12876794 48917067 89843557 4113947 67038763 84868095 42065055 91222685 53034201 40357872 90638069 92132294 9236452 94355937 8658550 71414715 31003459 9500827 79066707 12734512 50918760 27629736 61198358 86409139 50266562 91000491 92394739 89970579 40651356 91902810 4806199 7870827 49633187 55609114 21323229 62055758 83419973 93575477 49032511 17145744 92007476 97257402 33064426 22032431 21331657 31207666 7988618 61584861 19264774 84278650 81040900 30384043 40989172 64262402 64154019 48854867 64031787 87885929 63166242 1688176 50995410 14319239 85890944 75294328
10097765 27462639 11016898 56707669 78346087 93984815 50924159 23830804 84000325 24446904 24115472 30385160 62227860 79878498 76982852 26386498 29369532 43141951 16161363 79923937 71491576 68381808 90704828 90974849
67577615 41691073 68811467 80856993 27124767 9116574 27032886 87337503 91344732 74884316 20565994 13505793 77220619 78068642 23391045 75136951 25058472 5959060 12424894 81796938 550255 6665778 76026674 24610118 94569462 14358478 35472220 21946178 33246711 75519527 48867428 70548749 4506156 25616295 63949710 66168695 1152083 71391286 97617683 81346897 14273465 12134413 25689730 44045171 96567595 70827147 84414623 41630671 31340886 3023044 6129221 32767689 8077101 77060457 3818238
27609978 48836912 57013696 57638067 44387507 38895142 20375183 51749066 58939860 84467526 1603737 22167786 36039633 27749657 93076696 66291336 18478783 93825728 98084579 72788714 30926738 83811718 19418749 27390538 79803137 41398302 62538568 82611875 44371334 4685693 52084887 44195611 3059073 43920214 33375329 37559308 60875388 44478767 46663249 28167344 5066377 54139165 38998265 90851177 19783368 48247072 40305703 44902827 24367877 44727837 71397712 1300103 11289982 85861236 64271145 8375508 5403842 76352317 98404181 89525756 17304500 78193188 81679417 78207072 5693615 13591774 79549675 41274985 5773763 29680199 55221832 39779372 71138334 47291162 32961572 70058937 82636935 73022284 60952988 4027137 62547971 96820997 67145864 1940833 17176986 98848316 44965389 93199823 72909107 17249518 85890639 85419424 52842396 63524090 22239811 5907443 40989606 72086428 37752482 57191358 40196717 74057860 87218681 16134515
86983831 42904142 65378955 46826067 73560738 84912419 21402093 78647848 98501232 42150441 1915614 10776866 13449175 78908794 61637963 92896456 24169998 79484806 89412461 95307298 61283368 5351676 50654927 86384901 75869997 24436961 46359037 79519597 87496918 60456132 31966923 521218 47043301 45279496 27067199 79516861 86569759 70782560 99724828 94739876 22280679 70324314 60722956 75316913 9910905 67860754 34080465 66021567 56664071 12236199 52898056 20000467 13234954 60713314 28980401 26970898 98262610 23234560 67866339 54963161 16507309 92356611 47262448 60171487 71489489 25058541 62421255 99868463 16115665 65800912 77480185 96249024 85603755 4907889 57737496 16415154 74807806 75875608 75440700 97953063 18355672 11983351 64772575 40738748 80830382 68119093 25251176 11052963 3215461 44722069 34779525 98440287 17000333 15404488 56524721 66521261 37073877 29548454 8591033 21316094 37325579 9577230 85912992 85484355 88160125 7098841
19776480 83883978 39461724 29423432 74485128 59690797 76771203 93768164 81675926 95025647 97746847 68872722 92870865 41235107 44981575 43532838 71558548 40811024 21703657 45308742 66634981 34428304 29698525 14599794 39578951 14647053 8467870 56073346 68119431 94815687 99382372 1014962 50796255 99114661 22738832 61054947 11935191 60109855 27338294 46430967 47480659 26951131 85595576 69492897 23026005 91510492 51508475 88862000 34230816 54136077 70096296 23839946 95705151 50064336 83307324 88589841 1485542 41696436 39313724 91316850 56754550 99851987 85344902 78541322 21309983 22628043 45486275 38449204 13067424 76792919 29569529 39608755 88064298 7346313 42002493 89470073 24176994 57406886 35330437 15733010 50598789 7338142 98721180 46743728 48080295 25310758 48862254 34110419 49492244 80100980 34061315 36018068 54585303 63225494 41459785 86836367
96964905 21929536 98601823 52335301 60074950 92850375 78390069 64632983 77908832 81634183 97341339 97175279 73220213 83245941 80290888 1426127 20312957 39816042 51060969 17016648 93233892 50088658 96732430 66704814 45079603 80476424 474021 15426232 36957137 23148768 57596874 30412624 37025984 93673121 97066110 65358215 65690640 74025851 89570558 43919747 29648765 61378689 74467377 87598340 6441269 36137796 64700730 24893366 70937101 4807982 41911363 16419798 39952566 7799775 92518445 26900956
24673058 11439052 25431161 71014662 33548969 81535336 19731500 52337327 43662255 25591687 86553826 65296064 97168304 3704268
19787430 20990510 67936463 4717217 9531175 14807773 3986471 47969438 45512992 1191889 60589915 2352528 65252313 89830473 39218102 23136965 25762016 2932718 28197200 27417921 66719682 76188924 37123162 30996294 14084710 30709659 95902982 53537013 80979463 9312076 62587157 665102 69176524 43544958 74146046 86008276 35615494 95650113 45461688 65820684 21540613 67546130 94514981 33364771
43834072 33300588 92812731 64776907 10275710 91757724 85384803 5024075 95170261 81869491 31050260 79791924 64955348 85696818 88310146 47061921 16399874 26411993 10664656 91617184 69730993 38914542 3106570 1476997 13298251 43277868 94958283 87378667 48007364 47868491 48539135 39124552 64581167 86009896 56275907 17424428 16091501 20537234 84875625 90372118 86618879 70551217 47872407 78458099 2643965 78072594 21246607 61326644 67222560 51306066 71489673 3566218 47236601 25259623 95666748 18143041 13228356 27659142 43839612 20636982 84424279 55002036 20958205 36429687 15508405 59965165 72477749 73269877 10280896 25749226 92586592 84859880 48142218 94371987 17524893 28790080 66311372 11552001 71448373 14703299 71996143 43313198 24373500 17424200 30608200 50185020 94919889 17657230 4920673 55354463 13068089 45914738 28251495 44793158 55665515 6318063 43485933 87708980 63830779 43039547 57407258 84183468 20945493 57234554 67599119 26207432
10256529 60556189 96708965 94153754 37941557 19386367 99885756 43667325 80709379 60628401 19004273 43679876 17827002 30574823 9602678 94104965 26139627 94125227 23399958 96242950 81834618 79728554 68269110 74636122 14624299 89354689 33595371 58192078 14024324 37946675 16282149 25795948 92101585 64860551 85465224 81291626 89347649 79582460 37264987 75969331 98938670 97824938 64240281 53761807 81080442 31947575 6934309 74954353 3276308 11853618 30217499 46273501 10803354 57932559 15802178 76550516 51213081 39347647 8064669 86950173 92479471 15933676 65596448 99989586 76848082 38097358 83098496 90847620 75796201 97188269 52021539 94445100 51872792 45601267 82119479 4326512 37359449 73579757 65722079 2282093 92424773 8240414 91882631 24216103 38440512 78012760 36480522 77671287 5269976 51803335 55951644 26262348 99575668 39272264 65849538 703180 19528580
19311942 27362446 37528331 39854924 67238071 60592349 64815741 49355170 88438382 13933840 40412069 41730216 42732491 65103562 46182422 20463535 75474822 34305281 69466058 12089759 3297981 24191815 20027971 34405632 34392220 51171109 21046594 26951478 88797096 83041952 88689187 81643210 66724776 99958237 63689939 14856674 40845360 54930656 47242864 75090899 82481611 44381552 49687419 45648077 6421700 28395543 68707765 72096401 40841286 40196275 42845200 37579229 4796086 67450138 2854193 85615655 72928172 35279863 32468030 35778347 1035108 58024393 4108160 13779859 94037056 22534707 91097200 54914920 92282103 14133924 48863389 15771598 59070555 25103828 78017018 53324861 43064415 64016502 53422064 97102909 2142634 74964545 32815520 17053817 81533354 72858524 47605064 30577788 65279170 20011237 10864319 64443914 51487391 16527197 10191130 14125597 32880040 18144436 83653233 85038459 86829204 50717997 16529596
2837342 83731751 10800589 7099758 46987019 52890871 52376907 6149107 25210110 43413061 85715010 76405388 98941533 34728344 48365713 75824581 45113438 31058175 45172684 93192767 88208891 44617075 53201399 34139108 86593586 65628760 32134113 31663413 23775222 8601890 41861659 19988159 44808373 63741973 2851988 88530604 60262279 4469540 69705170 24297077 90600176 81913595 51281103 92260277 20776530 24673560 2621550 89101337 56340978 66852372 36900248 87559796 1213604 47697920 25835767 43993839 32260886 97114858 91468879 92040797 90442167 26321023 41401204 24544173 49489474 63204554
87188236 77101142 36588697 21160753 72890996 41273507 40542707 15739351 91649945 60998584 69809793
66667225 17264713 10164851 19166106 39686141 86669509 99435962 15336201 64974628 53503554 35172476 15240719 35216113 55120524 61926147 62811945 57893381 81579000 79478442 17749324 34659247 45685546 92229856 38548157 73017022 12202625 63376715 9482384 12226936 59404575 80616968 90035387 72739235 57298072 70491153 36277974 84794048 65696054 40915896 34089329 9357911 25522407 42696784 77399570 81884782 91146948 13264106 13805001
67729118 12199438 97638578 83508995 75569143 4937124 10618297 22050476 39593917 11020599 47363946 16797328 70659894 83495316 71969688 11167582 70019623 98183425 46273569 2377306 49482573 47710967 21155248 45891421 80999223 60426478 2424107 2089203 94065598 71013968 30430400 61954210 66473507 59358607 29567623 15843658 63206339 57092690 44135124 1299880 36572025 4993482 39497501 1055732 63234192 83534628 11632514 71901355 74011235 78309655 44664573 45572199 33434004 48455719 91191785 14279397 67438270 57397411 393273 9599926 68054151 51107628 62833892 88245531
89052784 87166985 88079979 27206432 63918672 81551804 89394952 33419961 45400623 25613303 53900355 94249905 9408647 80277569 70137960 28340157 54193099 8077317 34541365 98808968 34582435 30881927 37244237 11043606 90358176 36787364 37775852 92573434 5690622 20060150 77697244 66600871 59902332 25404222 38010655 14345475 43472168 96151077 87317538 57389225 20788853 77527461 94374675 52070705 27039208 63111530 63012715 92526376 79193678 67147546 23904521 83266845 83044705 81357494 57109487 24924888 86405652 75803928 104339 12521642 44368796 49767395 57235424 72216155 18732507 70671065 93415505 16331849 62276755 28348854 9484929 58868386 91458269 16892250 50989381 86050097 73323087 25152839 21743599 20629998 32421567 92993056 44613270 60620913 13105490 21626222 75894361 53705664 23503697 21254219 23103834 5168376 43439099 37042910 97019024 10428715 78377374 8808997 19569213
40486378 78151854 66586873 38374643 94612872 61472430 82637117 39933831 93725696 98772157 88514851 98689647 84748640 22225065 49230267 18709917 67162971 50456869 95782081 86790921 4593629 89294535 60975272 85906078 52652661 4833261 54366840 70736245 4947243 4564485 21332130 69760079 55360179 95319033 72359671 7438717 50265345 32751862 55297732 22076254 29634484 99870118 24751675 9614142 39759033 15609648 20028881 60279382 41823678 8295943 64139725 22638358 97439198 86815912 25668940 58848769 83044724 92826896 37289054 17498148 77045521
94490733 75370659 85647059 41412149 66712021 99895686 10868650 97180176 70098749 101452 61517206 82681766 36013923 31121772 60145413 55918422 72572960 84489290 18895965 39320892 74042259 24077085 67525442 16074468 45982444 79193586 5220964 83118618 6974423 42173385 49029121 71018717 58143618 66192093 50894590 57696882 90541645 11090690 74744478 23065748 67569677 40993830 55038940 19864521 39608573 2028537 34170575 64377923 97654697 20193352 28407349 15130822 40704504 2760711 68117664 8306501 15166051 96115362 30462014 97549984 90886221 31260069 25051055 88984858 14269549 76658440 96349103 51884065
36911184 30527577 44504597 34180187 73363470 98394168 70533369 11615360 50567270 97685351 51031710 79521848 99344527 15738264 52347708 82999062 49599957 97541341 13324657 58348807 28054980 84492337 64944146 65331043 2990751 90718494 35087909 43148261 6862805 2538320 35838624 10517576 6081716 99938121 83819642 71061107 63673165 17227452 92906111 52997458 20632467 35919499 2949349 98992703 40349831 24119423 35804640 82716047 43023192 23373821 3872513 63884301 83724459
4512367 45096262 91059358 47949844 83053242 54646953 55717617 6038840 72502552 71818162 56529482 34248798 16953424 85068315 47911534 67534191 23834266 79067072 28348159 64049451 44656410 91688076 5545859 86458729 10519290 24477843 91837452 36636027 85985059 16437055 59955338 83975600 55255703 21042337 1756585 59285234 70829422 56188393 59653736 73732496 69008490 1572849 56292664 45328441 10508531 74282956 13495385 75025224 89005403 54771843 22221455 11980863 89751736 63397744 91677850 39953948 63593931
87695159 24480612 96009369 76223711 68236868 61391006 41063550 59187416 99414727 64044677 88976602 69142035 9055661 68984796 86822685 65269901 52066072 62595918 23948098 46680428 20692835 34259942 68299850 60900397 80265661 96798791 56686719 94859155 35371069 88689372 62144050 71571188 8856182 41224910 56332558 65417341 84573685 31929183 45495397 82249756 6344166 73519591 86309541 62080526
66765911 33218380 65376263 96807289 75961329 20540715 31473290 52611438 81628217 52026972 11915921 1031366 82498394 34896341 1453639 85062552
61987529 23776646 78458475 55079370 46221578 10644896 87508587 56957861 43380891 45897748 16900145 16600989 79653709 99186261 79519723 36769403 56156539 17613381 87618465 71592357 85098804 42765695 4704950 57991550 91589008 84747841 73115021 65711192 29087524 44111605 34489160 69709078 31701904 65275994 58885547 52212579 98858549 14149716 55724063 90244233 83038212 6504012 34634451 15169775 42016626 86156869
76808681 26359838 59342539 94579688 47604154 77204676 48049792 62632995 1672338 51835077 15699816 98633315 97001767 67230666 92663243 34024476 19568958 17438178 13232089 9032228 80619579 97190427 21621991 69787461 18791452 95516469 65266051 95666995 67066718 90255422 25100 57585597 6074594 96433611 35122270 78496911 80438510 51111380 21087141 9589665 42655818 84631597 59537747 98946880 53857418 60587933 15686700 76027831 46441068 35809437 43735934 95102874 88153431 13484975 47447919 76974510 55952644
54345344 75036361 18073576 11134207 78887286 72878370 16350266 20737927 32289069 57312345 96303233 73013759 73902347 83957833 34270725 84138360 17137161 70753219 40770308 91187920 48530677 2548146 40334091 75766388 92449622 49676576 40683465 5052667 60067761 31661115 74809032 85236870 7287465 82847747 18626610 67758993 22476126 75636100 78767270 23935378 67992669 306847 29953483 52827766 4399065 87274692 60896411 22243343 20588361 32312837 81953811 37874502 18937516 25513253 21815362 71569859 73331946 44391513 26203268 81143642 33394590 85075144 29377601 35163229 83542966 26825740 85830146 69066535 46062272 29222635 32966976 19940766 27134835 76763212 95948593 33553242 77333495 95016764 34040293 3933645 52906080 69518806 28324947 53578364 33617095 16098655 40495870 39800427 51397895 42427758 64965700 20328087 74054929 25758792 47823683 77230237 52142829 64425290 34985064 98574200 27673678 60214421 30421095 62512335 1626962 46992878 70467821 92878544
29813931 12200938 71166123 6385267 97231031 94609281 16769730 44765371 33594637 14993169 58307144 92040970 54128561 56251617 2573537 92684335 95020427 20244267 97401094 95684998 43746614 67458844 52838885 21100494 51780199 49193977 71114965 76111897 82866424 35075931 2111093 51117020 55632784 9497243 16062560 55153190 57270769 55047496 96759182 61202414 25255646 51896789 43653706 13792901 23622567 38335312 23758795 91017002 71675218 67395954 55110844 35693672 70692577 5856415 59894922 87608409 39816394 15643696 37433415 17340813 93989292 16270361 53520904 99002998 40927639 61632464 64510648 30700003 18843 5073460 41412446 15031325 87833011 40244599 45121303 74965372
56470486 13612961 75924450 12381179 77071809 35113948 70969617 53575170 50374246 73590191 29037027 872105 67246365 77552663 17861319 19765133 66340632 89486805 49667309 95783907 51532882 63127724 25888387 99200029 32384805 65814451 60692520 59998528 14363214 89139097 76933884 4047864 82342808 66530826 78595680 95000261 66315818 8451626 63223375 59939412 76414313 1068351 4596824 93637864 47309451 69337963 74283575 81856759 43085498 82548630 60960015 94800337 41550304 58959722 96778567 74272254 46747290 27637411 32124024 4327212 65000075 98424754 34896301 29429846 30806671 33927829 19898471 49818349 74577444 76421295 14584482 47677764 56269059 67197644 71597613 90296276 9719896 25108132 69343023 73862312 49154053 39790142 86654053 56366590 11240030 46804259 20412406 89743262 11524539 61213845 56331564 5469204 9114145 41302511 14671411 16768740 64252560
7286293 1149038 61297110 6962734 82629554 54099431 9741988 50552893 83419058 30836444 10305871 13637792 35288116 12584208 33179308 41994246 84115292 46078480 12659645 25349546 72134568 51327257 83978833 42895688 32522336 18859175 60526790 99766971 45612332 57447067 14209775 74550584 33108415 72929543 84659984 76121633 57590961 78317722 68619270 2164103 42193259 48404387 36186244 17551679 53271867 21243843 98085752 66309023 18185096 42890036 55352971 32722390 91878431 49724591 77845191 92173029 4751787 9806847 93275732 31362110 51254852 7635232 10388827 45060343 11922206 14003475 71695884 71082667 95900002 43577921 58463418 32219629 59562521 19534473 41428259 99658090 54499141 71972840 14587086 3992986 90814730 83965380 89682829 51277603 49570569 22756565 89829154 43018186 2437838 22978225 32265214 77560854 40213087 30639090
87472087 93942435 9391853 51856622 31899608 9798782 73345979 93076649 66213246 57351696 98905514 49663493 48876706 98461320 67991279 15767494 90697946 79344383 2786096 91551219 9312711 85828090 46432216 78750510 75306490 73808139 92057115 64425508 59633027 70145430 36166790 57371679 63458328 28637873 78806849 48993720 8263391 85926437 94431973 97013930 86591448 52596626 73878772
50711203 86500085 18605624 43544006 53036972 74139112 40386728 49390219 35499249 87924215 38195743 56174064 17202011 15532838 59599394 33224560 7088050
38312141 53194229 19217961 78768548 48626392 66633195 35080386 16973399 52832252 36751855 36848306 29404314 11597331 45549473 5641848 652054 61442389 86748019 5460590 48936582 91570757 60500315 6368982 62033854 73638047 8061221 14371575 97917086 69568932
28410243 68214773 66282245 69418541 15175520 44548551 75651218 50597732 74361158 8002305 59419779 82882321 72349237 38720212 89713332 36657875 13408935 83871797 14715942 86388516 1519211 87639614 24685061 87002827 51717644 3178160 85272489 45792344 48261123 74115908 11589743 38413103 37132296 70857810 91548887 53908435 98931173 3467072 8858536 88721507 13341542 5989765 13863730 31519923 39416685 62344025 89762476 30141448 63531553 74954747
4583085 6426794 54864995 72336669 40999013 16410210 24929635 41019625 27855190 45544006 66818101 27141874 3345206 46199720 74869335 93276889 65982970 96051871 76355992 82195447 41068422 28186069 34869532 62549558 44974204 93119468 91511164 86643853 76168758 21844363 10803210 3817494 17974990 85808649 66237489 64217549 19104346 44176052 11084283 82731751 64163637 53115325 17328301 77758412 25240184 39609796 35602317 92635315 80743048 40508412 30512068 69047769 94490057 67896571 35381854 36033118 71809905 16955937 52898413 79341244 4543607 35202210 61789261 78984932 82969769 26705969 61326851 40564215 54865629 46156874 371135 27994270 7537983 97045020 52268417 74779910 92606666 37355026 87409880 3320955 78886098 54358269 61851332 97367712 7543997 60251616 78593981 30062153 499666
697229 68616557 1469682 71523758 73777359 99079196 93912631 15970101 97720059 49096862 31948313 23309757 62239217 52250959 83264750 62685448 23198044 90194369 45882421 67778527 67105160 58544457 56176926 17005189 90833981 83547971 55461487 58819129 41577074 834011 6913916 11431688 62286880 4397689 84767062 99302989 99910450 82439111 63047425 70604999 864152 97155936 37523676 53534037 45179771 67495190 53311269 95899216 34723723 65200864 36802949
61280963 61667095 21055591 81364278 20802533 32485014 26129342 58130803 38662984 46459025 134354 61096363 88635339 44977200 79015957 98003670 26825890 95316269 4567742 24441831 98920270 31684017 36249814 31491241 4378239 43677598 12318279 42793911 74417803 1086502 71806428 48322423 98895159 97559572 62260994 77721979 1115768 81645790 65895915 61217694 34642912 37720510 78797995 88271085 67991137 53251995 24939360 10642007 69005506 37817378 18058540 61405992 49800075 22706395 20123001 69790240 94498585 60043974 53232221 83036975 83852497 26527665 20329496 30554064 71574897
77395839 27684077 9133739 52969246 7986928 75792826 10515851 96017248 6208133 48227817 3898120 45663803 46979379 5095757 91622564 65462677 80571492 99821569 80615798 99758440 79050588 95608176 25934397 91320642 95992111 59427930 8248876 36748408 93804 27695719 5282300 34985931 2791803 32095712 48991773 55113142 28501024 94382852 1255176 43164759 94589468 25970952 16595120 85953015 76855794 89765295 26154006 60060472 22911943 61864577 77047548 24816090 69505634 61003185 73329193 50754644 42571635 97868555 45762567 69974833 64440661 20144243 94572690 49510652 25256127 48836122 34733425 96760993 34822758 97213770 5510848 81833883 80638019 10222551 55896470 38161846 19899828 36277551 31723246 52751125 13548961 13451451 96669047 12010713 81161218 82385858 51371734 52228037 85539531 41404460 56511659 88953240 17498118 70678163 32287133 61235161 71438741 27440545 90015045 48167979 86520181
36606279 9653347 54212090 23842324 21221259 21225840 61495068 77087011 5646655 65339073 49697619 38213011 24321051 39323460 97714774 71544818 2302898 60865066 9382961 87560080 34103693 88986359 57108977 50401259 98272996 28428985 53343208 98016300 25521144 94134101 95412382 7040202 12166672 19122684 49493588 68762189 35210254 8685757 56876086 2671661 91027628 27504949 96780828 77128409 34339416 20578657 84575485 77559507 29697450 99013268 43440376 47210622 13003396 64589280 39429853 1000627 25814398 49197772 83902550 58257791 99332282 42295737 66864400 66787692 95356361 18554165 89983326 8510962 48478762 77932679 53734417 80137906 54089981 57152376 84501887 37842509 53944271 82530488 18648998 92398047 84159636 70995183 74603627 16377883 7588274 38338658 77282043 42603268 56325689 50490685 84615762 14657862 34403377 84862851 98607322 13675311 61080077 6509711
85265017 63564267 17940507 36624929 77641403 53562148 56099587 553283 66721950 33022988 31458939 97229752 57065842 31606645 18181924 92550721 77180090 49539216 85510313 47126698 69741408 771128 54309952 98669357 45306121 79845335 9321552 81641317 93044610 38017273 94913837 76077290 58851417 55323243 26265854 35816333 32459145 92571663 17303232 56114993 59186253 82757951 21925987 52431940 93072661 29655772 11153938 82297049 76414358 48394994 50436752 60252772 53928444 88122121 23762622 70567697 36522555 35253771 24916793 37575873 72670083 41487309 50846240 8256161 19657426 38979644 67514355 30136169 75330979 95461413 16375702 64625710 79119300 43562912 278901 83439589 38632773 54904602 80629442 77902709 8140172 40668670 37541339 16854135 18690182 23377920 33710534 41404813 40803064 95008006
30359629 34058043 4111429 25601265 47398564 45414621 57199835 27138540 96873356 12309393 70542653 99450384 5399845
99141294 63716371 40990957 90979284 96239371 75359704 78233002 90810397 65764075 29075643 47617199 5300408 45681842
71870116 25281068 98013248 78812842 9404463 10944666 10989422 1736591 76453059 69196912 76272336 43057735 48526797 53289955 9535889 83849136 62734190 83188579 85213638 88041001 95194900 18104110 78001564 10525299 75976373 71410432 39823393 65680048 89132200 40965605 95986347 50389646 16134432 98512174 65201641 80255357 29960517 81957506 50366596 5374235 8694256 54782220 20502641 77303218 43964675 79879122 13361367 42283876 24828453 53228182 12852531 15604372 30811700 84623227 41168222 30486767 93536444 2104831 16728039 94904194 85286875 94314935 64255344 71191172 63469570 95875933 421110 81382003 18008327 76260728 53818927 3534028 65622362 33177770 19169804 24039527 88078928 39484822 10546270 59555692 18545307 88155500 44817557 98603510 69219547 79133091 3305794 86875469 64110832 45767166 20249235 92456353 34220632 66168005 35574182 42926314 88750481 57619450 67300813
5943423 3672362 64401232 90179727 93828985 37680625 43360182 66648192 2650242 66281453 34825128 73902944 85596977 34411075 15395258 31229605 53619449 30851257 92939986 62252775 76313409 280706 91983099 5543531 64320069 95294385 10258293 70191541 22205281 99492096 8195609 49732962 44173646 96270849 5465755 36469650 13460864 68312656 44993268 36051132 71920929 84979868 65825718 57974422 66329712 9769851 82280327 19010520 28419790 13330 75006345 73401084 2861814 27187550 48997338 28100245 71011914 93044764 47543607 23688521 85934152 15517275 88055227 22659181 61388315 36231324 65312965 96702268 24744270 303779 85293048 54982066 80321179 13369565 50438749 62218251
52224910 57231842 10554677 7935366 3983910 77098297 8514208 13321399 76849188 39184902 80802107 89976125 58622306 94112893 86336925 50379520 88311666 59011324 91320865 20264341 97943040 63890108 73489437 12002699 37620564 24422451 76347181 17997140 78700788 71099146 19932840 46518734 76181095 46135478 71626805 41003885 43426324 45049781 73257078 4731655 8293192 27175015 81665761 66306108 89947222 25201031 78231984 64117632 78338008 34147140 93858799 31019719 57740820 23393792 11403442 89618635 51960954 39119268 44657257 64078589 43836746 99741342 49333324 17678854 31240531 98264184 61854192 63399928 80802262 14682390 39113468 16478230 40307593
55374522 15364820 98538046 30571641 20895918 65451665 41253802 67833188 95758980 40976422 40739330 29025150 56423180 25929557 10451215 56443444 67515152 66322205 33343861 46648139 2297301 27068699 32553725 72473291 6474688 44672893 9819662 51797638 45449238 77324190 33345339 32350280 98532316 92548931 35178230 11845276 45752285 12106865 55119713 99025209 9220298 30072809 83936325 97615368 67657026 53284892 38882515 87334740 64798881 67166792
43512350 28212360 30489038 86490583 59387669 89119281 33556630 94223327 12961298 6720817 33433750 41612252 74652267 42090652 94539336 81481370 24147953 4981139 67361353 72486168 30206807 16278398 48985303 18822245 1751417 99583742 34448586 60643621 48755451 27891184 27381135 47722852 8221847 55678498 13172661 75215610 5945049 34331275 65401904 7922698 90173043 33442715 23464266 81494436 65997885 40003501 765223 86731402 5497037 27820954 81862643 52950544 87335856 10095463 67297450 9553180 49252930 96695070 81308803 45901133 63257391 32899002 25985530 55223353 82471814 24663099 62769529 37652430 79204727 32809690
85220156 61615462 96536414 58710449 72214637 5128764 41166005 66070920 83696313 70291394 60337397 40106584 90378535 46467510 42324286 76588249 41398187 10652554 59209775 4366118 8795085 17858822 39492205 69598753 38067068 98299741 61177621 84922308 75769026 5959834 7007956 99027130 48210844 26176633 35987642 37299910 30717982 17883107 56479783 75752403 11519411 27680517 4730594 57869208 17736578 28549644 25742408 47773159 71498733 29310335 56712353 91850131 45470771 70818360 98477710 43521020 77440309 41267200 16767135 64976953 3601238 2666182 12413953 21987552 48093051 10239612 21939540 26456948 36164657 71853455 36699291 37700972 11834350 79481344 1040205 61144796 90886256 38523428 57286024 728770 37706306 8802548 59388773 164080 65195869 9470994 377446 61029521 74791403 21490521 31877644 25252185 23443239 8656927 84062085 18807117 83133792 81326858 70909059 2754348 73665307 41187468 23758632 56498297
5482925 45011520 61678259 94249297 56833635 72361852 72340992 12648361 39528965 40760555 55894343 89989247 95670179 15058069 2445655 1596647 13408361 19955956 40790666 36842299 8619018 69946240 29849740 3275188 99523672 25116630 58718009 99464862 86499318 69845892 34106021 98378043 75767077 2506099 57252405 28144695 172730 95135473 28691138 64927280 5223002 24448958 74358607 6987482 50524515 34186023 59366377 39825969 94095619 92684984 94499885 44174411 1019391 527335 3370472 60942189 56200976 96960745 8415309 90940343 9389490 51864505 68353491 61616125 33697164 50218552 73796009 65568183 17819255 78377071 52904151 76136718 34861612 35808240 52757491 72449046 72378511 27743066 47896956 66902299 34868114 14133754 39790038 89648404
77749652 77895420 34853245 77540333 86885340 34049866 79784378 70075642 20650076 51366396 33336288 44485709 22617572 20115521 64172162 84005709 27057013 69863757 55311868 54563976 40196503 78413742 49243741 45276767 21994329 3715261 54766832 99708609 64787943 4093487
12839560 78527920 97716336 92333120 810656 70371301 46314752 79827176 80935704 13561539 39281378 22218695 91639674 73817208
99903854 68745080 28777528 84862138 66001868 4913249 63507119 61065938 5434211 46423938 98465813 8295756 50915700 15348242 76753965 57705727 71670159 47061353 99558165 58613768 41322667 59325360 38586016 62772614 5885014 711208 91401443 26496495 2411782 48077843 72220876 13509133 97172621 30475586 87972843 62491289 42123947 26461244 59674197 29897074 43528893 31849736 40475549 38987898 3410836 42569112 46854915 95855118 72082529 88085458 31767977 17629983 62348747 57501440 11463666 47575587 97727554 90234434 23718768 67711151 78891800 7286826 80573475 4396166 40381275 7450606 34829614 35080324 99340023 32375550 37153071 86185109 33566956 66410739 78487560 62197223 739438 35015982 64342027 33703790 20564269 85505526 25675282 8212621 4910255 44046387 52781739 39976542 25853912 47034822 23435631 53306782 88618635 42821507 65220980 87195448 90321259
8368593 69461878 91228623 91522563 36028361 90541149 63213515 21560210 60771670 84272143 56426378 59392622 14192305 9105158 84354506 1949557 34271021 11792998 87279370 10064163 71964464 62128748 79698965 92387413 88383182 84407043 636207 49747754 34247683 50947189 23183578 14133762 55115405 67852606 64777029 14424488 73905764 99337725 52091730 64542604 14080727 40289156 55002947 10048297 41242693 89118478 83241216 86883973 2307956 73782928 81709831 55762903 47932305 726056 76878832 21045570 31185349 1950130 10300828 18958784 55421040 7466106 42829050 45431834 92868868 90015755 32500853 10044179 9767809 2156326
20817970 26606215 29500797 16303422 81829086 99336470 32866235 31881764 73189577 98332935 53135932 60748233 68394764 6643152 83076660 11151768 41225375 47276546 92341763 94469424 44291472 58120191 71526645 98008672 19368416 98746826 30744502 7725650 38616058 36027639 96053329 8352709 65983696 61914305 45751779 15013491 11421844 22843194 80546016 39975569 50819856 29917341 98789633 23623541 57460387 38557375 10006729 40103249 5197988 39063731 62113565 10221989 16265774 23022842 43474323 34667838 45574641 33557508 23930708 27343251 62130210 19982700 37538088
32637712 20111187 62582779 28392623 16571494 49093253 95887629 30535471 24684697 40130815 79526066 85765361 61947017 2633647 75272967 29434087 95252378 98994688 71067146 62889572 83693460 98872240 95971073 92837699 63378202 48800447 13087784 45245381 52957315 75302721 62851550 10311901 28664281 68926471 14084320 61837491 44380278 39060981 7235315 73677726 13639771 75799773 51667440 11949456 62877031 5432697 43986336 82438740 65707270 36289331 41018047 46219622 99991559 18749072 85759267 73968495 69338252 17923642 50019318 19354459 83167002 49044136 62223647 14430745 85872080 3895916 53034944 26484462 55028149 2532121 69954520 82522230 46358734 35865608 9890617 23099774 49400676 6298226 20395494 12745632 50058288 16719293 33416751 97083887 56501621 48141365
39287023 18496167 56456041 76424716 50630359 12165817 21134438 5328183 28025323 68067904 3755242 71801982 4528257 35277498 7403829 79019057 56788041 26833627 17545962 96135594 49606914 72554686 13101649 65208018 10128851 51179573 73941065 23628476 80314439 97074241 7432046 45427176 4555677 73653008 17407937 13205878 91936373 13412465 42264414 30473653 74346472 90536496 82059130 53827115 85542200 45971901 37743917 69699411 91211715 95467471 97097895 87531555 54838296 6946178 94372621 79785204 98419590 30900647 34748095 61051660 91575003 69937244 82115051 83390408 34535751
64543814 83342146 4704460 16712955 49336758 53158787 64758008 51329719 77607869 67711040 13844362 4859237 18910692 59934899 32806010 32688947 70744150 71952966 51412534 35395270 84743813 79965890 38601599 48477928 96419902 33654580 66211964 69338928 47566343 5717416 86830571 79459664 49983904 42884231 17280114 50736379 76155820 9946250 37546260 33831025 86637930 67685210 75355839 99285160 35155867 91448518 88183298 51129992 30000288 34379483 46594851 75282716 37286965 89982894 68837664 92687916 34848870 51306066 51531779 90365912 99334759 37939782 67440042 99963657 59261972 11786241 10149318 11187994 50958827 67439719 80003940 31285395 52072362 40481879 92077335 21632016 72107398 60240737 16769220 91311680 41872901 14966421 1057290 98018057 31455352 58342263 48059212 63079369 5744409 95400718 58119516 57941176 15798205 83609627
97121592 16015693 39230489 65402360 49916839 47511680 2958353 89441050 21518965 98393242 84063284 68427751 89171557 16138969 70513434 68654665 84221098 72149588 61051385 48125150 52707886 61041280 22076675 53863503
69704667 23065613 75119483 43045312 6996275 53599670 15193677 17283241 69516300 60017496 57597373 80649010 19485528 9403811 49811603 68309030 31213798 58180167 93543603 92414711 58389573 33255311 69641748
64476204 63587227 44548307 38679897 46775389 69550756 16045472 87924687 48165082 17774459 15853661 45016422 60270562 22295043 28027486 58018712 24228455 55450640 15503806 41633555 66661163 74805279 27585773 58184192 18687165 49507362 47631713 74572081 53066532 42281533 9604975 33330964 66560763 9401410 5095232 22377402 78013879 30623173 20745188 79305603 34270213 70335964 83879016 42926158 41427061 22419107 87917285 87558236 77460308 29826487 2441601 7338774 54262183 20794259 62762491 22382183 10563399 13455661 65699347
80196313 16378624 51148402 69748436 59365531 13439795 66784720 50076635 29069846 61889707 36632778 26477419 50206165 80326952 21225023 28057077 50967406 51206769 84067856 93946709 28873260 69845409 82297176 3155265 541629 25760985 86161699 79078601 63750130 50938992 89670577 19055834 23746067 81315399 45680491 75060701 42222301 19276858 84604256 71715964 83681306
84838089 63461395 54893103 28686730 54818558 4400604 41875522 35098854 55491482 37717513 32664692 14225901 54237753 49552613 10223420 87836796 26436296 34741161 42550871 85473641 23421076 93753239 92755820 52442341 13121294 83413797 54689377 92353531 91090974 17616727 99375418 78468405 10046240 44842278 88487592 18525 77059199 86367260 56646198 37580897 9144045 21839617 33549067 19560016 75360316 88632495 76029021 32350081 66269916 9670146 34375027 17684434 86127089 55314668 25821012 45785614 1530384 17182629 83004177 14686056 24606359 58742527 88583596 63609892 37087654 28450007 97255844 69696853 58092734 24572839 40622110 53025217 63655924 28873273 54154930
61484402 5647318 30701663 47593200 95783055 47958244 9093849 10067869 3235797 61824884 58053090 23756063 13986120 85208129 84128393 99914713 68115641 58702864 44599608 74196982 86106573 86060265 84127184 7893873 61545893 83757188 30890594 95624529 74006063 3491520 45057414 35401971 48479753 78251596 69813596 1869951 98246413 27327592 93176349 91929469 91959421 75596230 25646429 74660224 46850252 43004554 84590047 19822336 53980935 11695473 89189140 40079430 76942302 71153677 51801138 22973056 40111699 30473006 57023726 68140798 10685277 79547093 5811025 627962 17851266 14974284 86670881 82818928 72916389 79285538 68830299 24807102 87903185 26235599 30598166 79555395 48478485
17676643 88811398 72851094 11120824 42480103 60110840 4825398 15158222 37632476 40506017 82085564 69647825 68941901 50008731 38492057 7572408 75246638 27748648 60297038 52005730 70451369 78135196 18977288 42855572 35162600 78061411 73359502 59827464 6391887 45222216 21407491 69182326 41237264 77983054 19763532 54792261 70169183 17492789 50225241 10968181 46130862 7648185 73333864 8982271 532105 52941429 69368235 83295183 87262488 97214781 63123873 74173625 26356417 37002523 85384064 67610873 9263338 15385061 43281102 1227365 39612636 98249335 35526928 48876849 87243203 76894867 96962457 47173214 86962129 65639505 22308483 64985793 83279747 4799812 33900476
80557375 99126283 93802385 89405062 73798541 98719805 28024221 81990320 72060992 81118218 37344670 4192022 10914394 42285446 17647844 57506656 72736205 63539944 61069482 38682387 64122939 77943589 19678888 17296315 38933461 91478571 24775110 71824996
16387353 24193245 58867612 56099198 89188521 64992901 94994475 57670507 40997217 80035497 95910429 57489940 77508976 62715215 98261412 4654419 20935446 70897236 33715713 80566597 20652047 29771524 37345594 75970713 63050485 53413918 164549 34144292 20111169 34702116 56389362 23139734 64192297 59626146 39288471 99282488 43163693 75473370 37119427 75251520 24750155 75543128 13053268 15657979 85465571 31007539 86614437 48811159 50344633 2348514 2633572 4222346 62587673 41750712 55689857 24632995 43643157 55630077
63920470 26270304 32199252 93534383 14092607 67386829 29751383 94553654 85010368 8854857 82555592 68934646 59578931 76454096 58396816 33157614 24155038 41941174
79856241 85886863 61398814 59402701 58818880 95559296 34788638 47373174 38123666 40259293 53856173 21774864 46998204 11292976 88965983 60868958 6035201 3164037 22606499 48336658 55481738 97608090 3174037 36225242 98731738 46277902 36159466 98726424 56701197 98934621 16426876 74916564 51693258 70832753 33933791 66507692 60201702 61727124 22069971 61568089 70440719 10354387 55830489 77143843 29070948 34092746 82118207 81658694 33728293 6170341 38435859 60809713 60550000 6367363 34039143 90508736 17036552 67984714 24762231
83319548 20730141 54460454 79878893 46411346 26483650 27504862 91921167 1523839 22033024 79661808 25074535 63572282 85655507 67535746 71578748 45105889 4096602 62300249 32804600 57277990 33758581 83894958 8553910 54060875 30285729
60841065 78724149 83928935 64026293 31098479 67839815 37959734 98821509 73017116 8173636 37517527 76284391 73081957 46144838 55036509 75815083 50616801 37721352 32004200 80785198 79437808 63462242 23533084 43791199 56509944 98542943 60916788 94680687 36323275 95595517 54324271 791061 87108645 59667072 93923240 59073915 56453747 189379 25176264 61103082 98465084 57072067 83672651 91824831 57073755 82868153 11663681 61778640 42137151 69658200 78042435 61351029 18630597 27863267 69832271 4798622 84213325 95046215 36743536 66345525 57404027 47975749 40422925 6677152 55929223 56113351 63608524 6334818 88016962 88571988 45333281 44149473 14179494 30565535 79954295 68385858 8111640 40313146 43620345 71371888 71969596 91902056 12070397 99881788 96870005 10522895 6464013 32309406 30087672 82279116 25307540 24719642 12494219 74816801 2311714
35515370 28939158 74807398 44217555 44654834 16186427 88244560 59309551 85236670 44519791 68069107 30474395 48627300 40575794 35220473 16513503 20443527 83592364 62210446 71167800 3889858 68640686 67028251 9901103 30076221 83986656 11465773 37601942 19146338 72919437 91016564 87157858 89726122 7253256 99565288 28037920 27894673 74431929 95888390 77231638 3003560 42976967 83899704 98748407 83813577 9811556 76550995 29078081 24826212 49924016 16948026 24469815 63256824 48377931 21856416 84332918 76502942 88188650 27773239 56087999 14451700 31313458 5033248 62516454 51799370 77578600 66259143 73948592 70865138 74791059 8395460 96241632 44430575
42011835 60215671 56654437 19245878 25578572 81532082 25075278 4381489 34164226 87983231 80877552 49090528 4213973 22337758 2417076 18830930 43214528 55925879 38173215 57820311 94820289 49889395 42572585 62179326 89999096 44111786 4235253 42333697 60291391 47595636 20808713 7495716 95975251 73891710 7219931 30771720 68490600 17120051 62643263 97558741 8852473 51083446 99595530 59242671 6845086 21986577 6900796 51916804 17387564 36767678 43789885 29675185 36757035 4074358 85330474 36020960 92174616 31407923 86586650 87440930 50765170 42077152 57134204 54221861 22512369 98799264 11304604 95824402 4595414 66068152 17434180 73074821 87688542
89811919 77838700 46544603 7419647 83692816 90290765 65003703 67367722 49390907 881933 97303796 3277981 72207857 87079285 40298939 76009766 59464077 48678057 45340714 88008095 25280781 90748619 25678425 28495196 85567642 9298621 33054439 79134141 81246901 38398723 93760575 22035170 22243328 60228038 9733997 25564030 98481575 99007988 76182422 61929157 20362857 3156357 1716761 95801727 35630919 1717209 79821633 24088894 55796167 58752317 23567268 27962540 66307813 25392013 28094747 8142590 46588823 10016755 46330461 37527941 91032571 49096653 89952314 27188323 10505504 47346861 76051570 17758298
67183316 36038939 56464239 73114399 7162336 88480271 61065614 72170829 45154611 79349600 2031339 52558207 71074246 78115389 83934559 87646132 77485563 60201269 7142131 38790441 55553075 2363738 1236676 97300882 56467068 68367888 67278335 5882614 82751848 7174775 94310412 54556967 31461625 15063666 52414920 11278813 57541304 42205524 23190383 42932196 10923047 99933319 95496493 52896968 99485592 47965360 65200988 62392450 85046585 31601615 19112911 70051605 8594069 31105822 11568724 37815971 65447389 32548486 32991190 3201287 39279855 60283997 20020986 2906802 91491251 85830191 37086713 52899667 39967609 84643450 75425748 77411874 37674366 27960835 57545124 34246602 23158670 20083668 52999951 5500913 43268547 76402130 11271383 43183461 85358699 94835454 97921420 14259172 92840200 38456136 81463650 80202632 90824816 90822411 60332829 10151885 19697685
19931599 90067292 37502402 70279765 28884083 85467575 76240997 81904067 78577217 73213324 65293099 12652025 12063664 9801976 70642580 77966772 55309568 5488688 90399908 91206212
31861978 46270121 97816919 81389371 75243173 56315194 79226222 88300983 7584700 8112980 21516647 27763037 4195785 86942824 9066189 23225111 79937949 94938890 64883510 72910809 89346640 98898281 10366273 36146604 89225856 55911273 46820255 34082902 72908725 62694239 69284935 74882728 95670245 64266088 29080781 58168932 69923091 38102887 20977357 35530184 35030033 64285849 82444673 63320251 80369255 12181974 56854387 13793683
10996765 11424830 57156835 38848573 7647235 88764253 93363352 52596221 3270889 61355953 60870143 67220131 43656189 54940835 7261198 61213984 89687009 38448375 72422345 61118871 75963051 65929121 28512452 60535815 4379712 80833717 15709706 63341432 17364795 20895804
82912068 36811950 85704359 47822345 80026150 41100146 87288569 68248386 79428312 23068615 26818865 14571096 27855796 17947856 19298001 11389288 29273309 13943205 1457326 66073484 66437280 63676687 30333220 63180842 72452832 18433897 79402198 63844134 38435053 7191807 77680101 20662919 78433962 56264003 13813903 85665891 99926880 10579491 40575936 48030200 55498765 41770733 27427195 65213080 55261400 53471298 7466992 34053679 41096745 31144968 1133669 15721343 94968639 91066850 29471386 35114895 44560140 48347022 25908750 45795450 38614642 15841194 21344227 2331975 56595263 33138830 82633401 36550438 10080737 18355216 83627961 23080521 74421305 13512692 62694062 80778845 61887368 80420079 85604173 18413476 3101830 16795734 80517525 59497137 50669969 43626088 15857745 46068159 86441475 53552436 12738491 75694509 38814876 71226664 57874235 45579930
46830182 79171916 46193793 4807633 77139069 50524874 28120730 68880669 10189653 2508240 83273602 25245651 75204326 21045911 14288567 69028240 73445701 79266424 45769104 27958166 8365584 96964432 65131120 61820847 52142955 63504194 5487374 82220619 56581917 27523986 32541068 39844584 69793634 80147502 91987060 18490174 78864792 5144248 14391029 71419484 29031763 52547889 87135052 73799776 90017347 68661714 42799658 70481345 63311005 37445498 57053761 70685371 35541676 90382760 96186661 42281442 11608861 29145999 85169544 70661826 93581605 4578941 93216404 77010653 3822976 84946927 6899193 53651436 37401490 79451819 61191317 47873604 41456927 78293229 94370495 44571476 93604 92950201
75631546 82118143 59681722 73744610 47884504 31390442 94355126 62768033 10560718 50876062 97832030 79460476 5027204 88058228 17087903 97152656 70171467 9902358 43647755 49737936 35644729 36725267 23601283 96700522 24431842 17574159 75349119 91564105 71135926 93789467 98303994 57905075 18617335 20543775 99272444 37120530 11884117 71062388 98174661 3387855 63263783 76612238 34011539 55760474 51903048 72595158 19218705 6060358 45930380 37260182 14903644
